20 10 933 480
1 102
2 44
3 102
4 213
5 160
6 285
7 87
8 102
9 83
10 44
11 127
12 230
13 135
14 46
15 44
16 82
17 63
18 61
19 112
20 67
21 40
22 102
23 107
24 40
25 52
26 40
27 285
28 45
29 121
30 83
31 156
32 102
33 65
34 102
35 102
36 160
37 150
38 98
39 44
40 46
41 102
42 98
43 152
44 255
45 102
46 102
47 102
48 87
49 98
50 73
51 73
52 127
53 83
54 52
55 102
56 46
57 100
58 97
59 60
60 102
61 139
62 80
63 100
64 230
65 46
66 152
67 102
68 87
69 324
70 97
71 65
72 156
73 52
74 112
75 60
76 50
77 102
78 44
79 51
80 98
81 80
82 83
83 285
84 46
85 285
86 213
87 73
88 97
89 44
90 119
91 152
92 39
93 40
94 40
95 63
96 45
97 127
98 44
99 230
100 95
101 39
102 40
103 60
104 127
105 45
106 83
107 39
108 109
109 112
110 21
111 102
112 50
113 107
114 285
115 230
116 150
117 65
118 285
119 100
120 39
121 95
122 67
123 60
124 34
125 61
126 102
127 44
128 152
129 109
130 213
131 46
132 39
133 44
134 61
135 100
136 285
137 50
138 74
139 59
140 139
141 102
142 52
143 285
144 171
145 65
146 160
147 50
148 285
149 213
150 262
151 59
152 213
153 150
154 285
155 52
156 102
157 60
158 324
159 44
160 83
161 44
162 74
163 46
164 60
165 113
166 74
167 150
168 285
169 135
170 63
171 98
172 102
173 127
174 83
175 102
176 67
177 40
178 40
179 40
180 102
181 74
182 74
183 102
184 83
185 171
186 39
187 187
188 39
189 50
190 102
191 74
192 83
193 156
194 135
195 213
196 83
197 40
198 119
199 150
200 102
201 65
202 112
203 51
204 107
205 51
206 60
207 171
208 51
209 135
210 187
211 51
212 98
213 87
214 121
215 60
216 73
217 285
218 262
219 46
220 119
221 135
222 152
223 102
224 63
225 67
226 63
227 98
228 50
229 150
230 51
231 59
232 50
233 40
234 102
235 135
236 97
237 59
238 74
239 40
240 238
241 51
242 160
243 102
244 102
245 135
246 74
247 44
248 60
249 119
250 127
251 44
252 61
253 40
254 192
255 65
256 102
257 113
258 80
259 73
260 102
261 83
262 187
263 40
264 83
265 44
266 74
267 60
268 285
269 40
270 74
271 83
272 52
273 98
274 73
275 73
276 83
277 59
278 44
279 73
280 45
281 171
282 65
283 285
284 64
285 213
286 21
287 230
288 50
289 97
290 51
291 171
292 119
293 152
294 74
295 39
296 107
297 80
298 171
299 39
300 60
301 74
302 83
303 63
304 285
305 80
306 46
307 291
308 121
309 127
310 112
311 87
312 59
313 130
314 40
315 171
316 60
317 44
318 187
319 152
320 107
321 98
322 150
323 60
324 51
325 107
326 59
327 160
328 127
329 150
330 83
331 60
332 46
333 60
334 171
335 98
336 102
337 156
338 52
339 324
340 121
341 80
342 213
343 46
344 98
345 119
346 135
347 60
348 51
349 44
350 121
351 39
352 102
353 109
354 127
355 83
356 60
357 40
358 230
359 59
360 97
361 87
362 87
363 171
364 73
365 67
366 59
367 82
368 51
369 135
370 213
371 64
372 51
373 254
374 60
375 51
376 52
377 285
378 61
379 102
380 83
381 98
382 82
383 60
384 171
385 213
386 63
387 64
388 40
389 83
390 83
391 60
392 60
393 171
394 39
395 150
396 64
397 60
398 87
399 39
400 135
401 60
402 65
403 109
404 45
405 102
406 121
407 112
408 100
409 97
410 102
411 139
412 112
413 51
414 121
415 60
416 127
417 40
418 156
419 83
420 160
421 40
422 97
423 60
424 102
425 192
426 40
427 82
428 40
429 40
430 51
431 83
432 40
433 119
434 100
435 83
436 102
437 46
438 65
439 119
440 255
441 127
442 51
443 83
444 51
445 72
446 150
447 187
448 119
449 45
450 45
451 51
452 73
453 65
454 73
455 150
456 60
457 83
458 60
459 150
460 102
461 51
462 285
463 97
464 40
465 100
466 60
467 40
468 152
469 21
470 46
471 83
472 60
473 171
474 46
475 112
476 50
477 150
478 52
479 46
480 192
481 83
482 40
483 107
484 102
485 73
486 67
487 285
488 74
489 98
490 51
491 52
492 74
493 121
494 40
495 87
496 98
497 187
498 44
499 213
500 39
501 87
502 171
503 285
504 119
505 139
506 60
507 213
508 51
509 60
510 39
511 139
512 109
513 83
514 74
515 285
516 83
517 51
518 44
519 135
520 46
521 40
522 60
523 61
524 97
525 97
526 80
527 107
528 83
529 60
530 285
531 83
532 285
533 72
534 60
535 63
536 127
537 152
538 46
539 107
540 82
541 46
542 39
543 60
544 51
545 171
546 102
547 102
548 60
549 97
550 83
551 156
552 135
553 51
554 97
555 285
556 51
557 82
558 102
559 171
560 102
561 97
562 285
563 40
564 285
565 51
566 51
567 285
568 87
569 80
570 64
571 80
572 44
573 171
574 73
575 80
576 171
577 285
578 230
579 59
580 74
581 74
582 60
583 50
584 130
585 109
586 44
587 87
588 160
589 213
590 44
591 83
592 83
593 192
594 109
595 59
596 349
597 40
598 83
599 83
600 252
601 44
602 44
603 83
604 87
605 87
606 230
607 60
608 107
609 51
610 60
611 127
612 82
613 44
614 61
615 182
616 127
617 213
618 98
619 44
620 51
621 60
622 34
623 97
624 44
625 98
626 40
627 64
628 192
629 46
630 44
631 285
632 83
633 51
634 67
635 187
636 119
637 83
638 97
639 285
640 102
641 51
642 150
643 127
644 213
645 51
646 102
647 46
648 60
649 83
650 82
651 60
652 285
653 51
654 109
655 73
656 51
657 65
658 44
659 82
660 156
661 150
662 171
663 83
664 109
665 44
666 199
667 112
668 80
669 21
670 61
671 121
672 100
673 74
674 213
675 102
676 150
677 213
678 80
679 67
680 83
681 150
682 150
683 83
684 83
685 46
686 119
687 60
688 44
689 52
690 160
691 102
692 59
693 83
694 187
695 46
696 102
697 82
698 102
699 39
700 44
701 109
702 109
703 160
704 40
705 150
706 98
707 46
708 285
709 40
710 83
711 82
712 63
713 285
714 60
715 107
716 51
717 50
718 182
719 73
720 61
721 187
722 285
723 82
724 73
725 60
726 97
727 285
728 73
729 44
730 87
731 51
732 98
733 112
734 119
735 98
736 213
737 95
738 80
739 60
740 60
741 213
742 285
743 51
744 51
745 152
746 73
747 59
748 113
749 121
750 80
751 150
752 98
753 112
754 61
755 182
756 44
757 83
758 98
759 67
760 46
761 135
762 46
763 98
764 61
765 59
766 74
767 65
768 51
769 59
770 60
771 97
772 83
773 60
774 152
775 97
776 83
777 59
778 262
779 160
780 112
781 98
782 83
783 213
784 102
785 102
786 44
787 112
788 39
789 64
790 73
791 51
792 150
793 52
794 150
795 46
796 156
797 46
798 82
799 83
800 46
801 98
802 171
803 40
804 139
805 109
806 51
807 171
808 21
809 150
810 46
811 127
812 113
813 192
814 102
815 152
816 102
817 44
818 46
819 127
820 51
821 51
822 83
823 119
824 171
825 87
826 160
827 156
828 82
829 152
830 125
831 52
832 102
833 102
834 324
835 72
836 59
837 21
838 51
839 83
840 60
841 255
842 87
843 97
844 262
845 51
846 98
847 102
848 40
849 150
850 171
851 51
852 97
853 39
854 98
855 119
856 160
857 52
858 83
859 152
860 74
861 107
862 87
863 102
864 59
865 45
866 44
867 102
868 52
869 285
870 135
871 97
872 51
873 60
874 98
875 100
876 83
877 40
878 44
879 83
880 98
881 50
882 152
883 46
884 44
885 40
886 112
887 285
888 39
889 97
890 83
891 60
892 102
893 160
894 61
895 254
896 40
897 51
898 59
899 95
900 60
901 107
902 192
903 83
904 51
905 44
906 285
907 51
908 187
909 59
910 139
911 61
912 135
913 45
914 254
915 44
916 52
917 60
918 285
919 255
920 40
921 60
922 83
923 152
924 65
925 97
926 44
927 150
928 46
929 285
930 39
931 255
932 40
933 135